8 23
0000011110001111
0000110110001111
0000110110010111
0001011001011011
0000111000111011
0000110011100111
0000101110001111
0000101110010111
0000110110011011
0000111001011011
0000111001101011
0001011001101011
0001100110101011
0001100110011011
0001010110011011
0000111001010111
0001011001100111
0001010101100111
0001010110010111
0001010101101011
0001010110101011
0001010101011011
0010101010101011
0,1,2,3,1,2,1,2,2,2,2,3,3,3,3,2,3,3,3,4,4,4,5,
1,0,1,2,1,1,1,1,1,1,1,2,2,2,2,1,2,2,2,3,3,3,4,
2,1,0,1,1,1,1,1,1,1,1,2,2,2,2,1,2,2,1,3,3,3,4,
3,2,1,0,2,2,2,2,1,1,2,1,2,2,1,2,1,2,1,2,2,3,4,
1,1,1,2,0,1,1,2,1,1,1,2,2,2,2,2,2,2,2,3,3,3,4,
2,1,1,2,1,0,2,2,1,1,1,2,2,1,2,2,1,2,2,3,3,3,4,
1,1,1,2,1,2,0,1,2,1,2,2,3,3,2,1,2,2,2,3,3,3,4,
2,1,1,2,2,2,1,0,2,1,2,2,3,3,2,1,2,2,2,3,3,3,4,
2,1,1,1,1,1,2,2,0,1,1,1,2,2,1,2,1,2,2,2,2,3,4,
2,1,1,1,1,1,1,1,1,0,1,1,2,2,1,1,1,2,2,2,2,3,4,
2,1,1,2,1,1,2,2,1,1,0,1,1,1,1,1,2,1,1,2,2,2,3,
3,2,2,1,2,2,2,2,1,1,1,0,1,1,1,2,1,2,2,1,1,2,3,
3,2,2,2,2,2,3,3,2,2,1,1,0,1,2,2,2,1,2,1,2,1,2,
3,2,2,2,2,1,3,3,2,2,1,1,1,0,2,2,1,2,2,2,2,2,3,
3,2,2,1,2,2,2,2,1,1,1,1,2,2,0,1,1,1,1,1,1,2,3,
2,1,1,2,2,2,1,1,2,1,1,2,2,2,1,0,2,1,1,2,2,2,3,
3,2,2,1,2,1,2,2,1,1,2,1,2,1,1,2,0,2,2,2,2,3,4,
3,2,2,2,2,2,2,2,2,2,1,2,1,2,1,1,2,0,1,2,2,1,2,
3,2,1,1,2,2,2,2,2,2,1,2,2,2,1,1,2,1,0,2,2,2,3,
4,3,3,2,3,3,3,3,2,2,2,1,1,2,1,2,2,2,2,0,1,1,2,
4,3,3,2,3,3,3,3,2,2,2,1,2,2,1,2,2,2,2,1,0,2,3,
4,3,3,3,3,3,3,3,3,3,2,2,1,2,2,2,3,1,2,1,2,0,1,
5,4,4,4,4,4,4,4,4,4,3,3,2,3,3,3,4,2,3,2,3,1,0,
