9 47
000001111000011111
000001101110001111
000001111000111011
000001011110001111
000010111000101111
000010101110001111
000010111000110111
000010110110001111
000011011000111011
000010111000111011
000010111001011011
000011100011101011
000011100110011011
000011100101101011
000011100101100111
000011100101011011
000101010110011011
000101100110101011
000011011001101011
000010111001101011
000010110110011011
000010101110011011
000011100011100111
000011001110001111
000011011000110111
000011010110001111
000101011001011011
000101100101101011
000101100101100111
000011001110011011
000011001110010111
000101010110010111
000101011001100111
000101011001101011
000011100101010111
000101100110011011
000011100110101011
000010101110010111
000110011001101011
000110011010101011
000101010101100111
000110011001100111
000101010101101011
000101010110101011
000101011001010111
000110101010101011
001010101010101011
0,1,1,1,2,2,2,2,2,2,3,2,3,3,3,3,4,4,3,3,3,3,2,2,2,2,4,4,4,3,3,4,4,4,3,4,3,3,4,4,4,4,5,5,4,5,6,
1,0,1,1,1,1,1,1,1,1,2,2,2,2,2,2,3,3,2,2,2,2,2,1,1,1,3,3,3,2,2,3,3,3,2,3,2,2,3,3,3,3,4,4,3,4,5,
1,1,0,1,2,2,1,1,1,1,2,1,2,2,2,2,3,3,2,2,2,2,1,1,1,1,3,3,3,2,2,3,3,3,2,3,2,2,3,3,3,3,4,4,3,4,5,
1,1,1,0,1,1,1,1,2,1,2,2,3,2,2,2,3,3,3,2,2,2,2,2,2,2,3,3,3,3,2,3,3,3,2,3,3,2,4,4,3,4,4,4,3,4,5,
2,1,2,1,0,1,1,1,2,1,2,2,3,2,2,2,3,3,3,2,2,2,2,2,2,2,3,3,3,3,2,3,3,3,2,3,3,2,4,4,3,4,4,4,3,4,5,
2,1,2,1,1,0,1,1,2,1,2,2,2,2,2,1,2,3,2,2,2,1,2,2,2,1,2,3,3,3,2,2,2,2,1,3,2,1,3,3,2,3,3,3,2,3,4,
2,1,1,1,1,1,0,1,1,1,1,2,2,2,2,2,3,3,2,2,2,2,2,1,1,1,3,3,3,2,2,3,3,3,2,3,2,1,3,3,3,3,4,4,3,4,5,
2,1,1,1,1,1,1,0,1,1,1,2,2,1,1,1,2,2,2,2,1,2,2,1,1,1,2,2,2,2,2,3,2,2,2,2,2,2,3,3,3,3,3,3,3,4,5,
2,1,1,2,2,2,1,1,0,1,1,1,2,1,1,1,2,2,1,2,1,2,1,1,1,1,2,2,2,1,2,3,2,2,2,2,2,2,3,3,3,3,3,3,3,4,5,
2,1,1,1,1,1,1,1,1,0,1,1,2,2,2,2,3,3,2,1,1,1,1,2,1,2,2,2,2,2,1,2,3,3,2,3,2,2,3,3,3,3,4,4,2,4,5,
3,2,2,2,2,2,1,1,1,1,0,2,2,1,1,1,2,2,2,1,1,1,2,2,1,2,2,2,2,2,1,2,2,2,2,2,2,1,3,3,3,3,3,3,2,4,5,
2,2,1,2,2,2,2,2,1,1,2,0,1,1,2,2,2,2,1,1,2,2,1,2,2,1,2,2,3,2,2,2,2,2,2,2,1,2,2,2,2,2,3,3,2,3,4,
3,2,2,3,3,2,2,2,2,2,2,1,0,1,1,2,2,2,1,1,2,2,1,1,2,1,2,2,2,1,1,2,2,2,2,1,1,2,1,2,2,1,3,3,2,3,4,
3,2,2,2,2,2,2,1,1,2,1,1,1,0,1,1,2,1,1,1,1,2,2,2,2,1,2,1,2,2,2,2,2,1,2,1,1,2,2,2,2,2,2,2,2,3,4,
3,2,2,2,2,2,2,1,1,2,1,2,1,1,0,1,2,2,2,2,1,2,1,1,2,2,2,2,1,1,1,3,1,2,2,1,2,2,2,3,3,2,3,3,3,4,5,
3,2,2,2,2,1,2,1,1,2,1,2,2,1,1,0,1,2,1,2,1,1,2,2,2,1,1,2,2,2,2,2,1,1,1,2,2,1,3,3,2,3,2,2,2,3,4,
4,3,3,3,3,2,3,2,2,3,2,2,2,2,2,1,0,1,1,2,2,2,3,3,3,2,1,2,2,2,3,1,1,1,1,2,1,2,2,2,1,3,1,1,2,2,3,
4,3,3,3,3,3,3,2,2,3,2,2,2,1,2,2,1,0,1,2,2,3,3,3,3,2,2,1,2,2,3,2,2,1,2,1,1,3,1,1,2,2,1,1,3,2,3,
3,2,2,3,3,2,2,2,1,2,2,1,1,1,2,1,1,1,0,1,1,2,2,2,2,1,1,1,2,1,2,2,1,1,2,1,1,2,2,2,2,2,2,2,2,3,4,
3,2,2,2,2,2,2,2,2,1,1,1,1,1,2,2,2,2,1,0,1,1,2,2,1,1,1,2,2,2,1,1,2,2,2,2,1,2,2,2,2,2,3,3,1,3,4,
3,2,2,2,2,2,2,1,1,1,1,2,2,1,1,1,2,2,1,1,0,1,2,2,1,2,1,1,1,1,1,2,2,2,2,2,2,2,3,3,3,3,3,3,2,4,5,
3,2,2,2,2,1,2,2,2,1,1,2,2,2,2,1,2,3,2,1,1,0,2,2,1,1,1,2,2,2,1,1,2,2,1,3,2,1,3,3,2,3,3,3,1,3,4,
2,2,1,2,2,2,2,2,1,1,2,1,1,2,1,2,3,3,2,2,2,2,0,1,2,2,3,3,2,1,1,3,2,3,3,2,2,3,2,3,3,2,4,4,3,4,5,
2,1,1,2,2,2,1,1,1,2,2,2,1,2,1,2,3,3,2,2,2,2,1,0,1,1,3,3,2,1,1,3,2,3,2,2,2,2,2,3,3,2,4,4,3,4,5,
2,1,1,2,2,2,1,1,1,1,1,2,2,2,2,2,3,3,2,1,1,1,2,1,0,1,2,2,2,2,1,2,3,3,2,3,2,2,3,3,3,3,4,4,2,4,5,
2,1,1,2,2,1,1,1,1,2,2,1,1,1,2,1,2,2,1,1,2,1,2,1,1,0,2,2,3,2,2,2,2,2,1,2,1,1,2,2,2,2,3,3,2,3,4,
4,3,3,3,3,2,3,2,2,2,2,2,2,2,2,1,1,2,1,1,1,1,3,3,2,2,0,1,1,2,2,1,1,1,2,2,2,2,3,3,2,3,2,2,1,3,4,
4,3,3,3,3,3,3,2,2,2,2,2,2,1,2,2,2,1,1,2,1,2,3,3,2,2,1,0,1,2,2,2,2,1,3,1,2,3,2,2,3,2,2,2,2,3,4,
4,3,3,3,3,3,3,2,2,2,2,3,2,2,1,2,2,2,2,2,1,2,2,2,2,3,1,1,0,1,2,2,1,2,3,1,3,3,2,3,3,2,3,3,2,4,5,
3,2,2,3,3,3,2,2,1,2,2,2,1,2,1,2,2,2,1,2,1,2,1,1,2,2,2,2,1,0,1,3,1,2,3,1,2,3,2,3,3,2,3,3,3,4,5,
3,2,2,2,2,2,2,2,2,1,1,2,1,2,1,2,3,3,2,1,1,1,1,1,1,2,2,2,2,1,0,2,2,3,2,2,2,2,2,3,3,2,4,4,2,4,5,
4,3,3,3,3,2,3,3,3,2,2,2,2,2,3,2,1,2,2,1,2,1,3,3,2,2,1,2,2,3,2,0,2,2,1,3,1,2,2,2,1,3,2,2,1,2,3,
4,3,3,3,3,2,3,2,2,3,2,2,2,2,1,1,1,2,1,2,2,2,2,2,3,2,1,2,1,1,2,2,0,1,2,1,2,2,2,3,2,2,2,2,2,3,4,
4,3,3,3,3,2,3,2,2,3,2,2,2,1,2,1,1,1,1,2,2,2,3,3,3,2,1,1,2,2,3,2,1,0,2,1,2,2,2,2,2,2,2,1,2,3,4,
3,2,2,2,2,1,2,2,2,2,2,2,2,2,2,1,1,2,2,2,2,1,3,2,2,1,2,3,3,3,2,1,2,2,0,3,1,1,2,2,1,3,2,2,2,2,3,
4,3,3,3,3,3,3,2,2,3,2,2,1,1,1,2,2,1,1,2,2,3,2,2,3,2,2,1,1,1,2,3,1,1,3,0,2,3,1,2,3,1,2,2,3,3,4,
3,2,2,3,3,2,2,2,2,2,2,1,1,1,2,2,1,1,1,1,2,2,2,2,2,1,2,2,3,2,2,1,2,2,1,2,0,2,1,1,1,2,2,2,2,2,3,
3,2,2,2,2,1,1,2,2,2,1,2,2,2,2,1,2,3,2,2,2,1,3,2,2,1,2,3,3,3,2,2,2,2,1,3,2,0,3,3,2,3,3,3,2,3,4,
4,3,3,4,4,3,3,3,3,3,3,2,1,2,2,3,2,1,2,2,3,3,2,2,3,2,3,2,2,2,2,2,2,2,2,1,1,3,0,1,2,1,2,2,3,2,3,
4,3,3,4,4,3,3,3,3,3,3,2,2,2,3,3,2,1,2,2,3,3,3,3,3,2,3,2,3,3,3,2,3,2,2,2,1,3,1,0,1,2,1,2,3,1,2,
4,3,3,3,3,2,3,3,3,3,3,2,2,2,3,2,1,2,2,2,3,2,3,3,3,2,2,3,3,3,3,1,2,2,1,3,1,2,2,1,0,3,1,2,2,1,2,
4,3,3,4,4,3,3,3,3,3,3,2,1,2,2,3,3,2,2,2,3,3,2,2,3,2,3,2,2,2,2,3,2,2,3,1,2,3,1,2,3,0,3,3,3,3,4,
5,4,4,4,4,3,4,3,3,4,3,3,3,2,3,2,1,1,2,3,3,3,4,4,4,3,2,2,3,3,4,2,2,2,2,2,2,3,2,1,1,3,0,1,3,1,2,
5,4,4,4,4,3,4,3,3,4,3,3,3,2,3,2,1,1,2,3,3,3,4,4,4,3,2,2,3,3,4,2,2,1,2,2,2,3,2,2,2,3,1,0,3,2,3,
4,3,3,3,3,2,3,3,3,2,2,2,2,2,3,2,2,3,2,1,2,1,3,3,2,2,1,2,2,3,2,1,2,2,2,3,2,2,3,3,2,3,3,3,0,3,4,
5,4,4,4,4,3,4,4,4,4,4,3,3,3,4,3,2,2,3,3,4,3,4,4,4,3,3,3,4,4,4,2,3,3,2,3,2,3,2,1,1,3,1,2,3,0,1,
6,5,5,5,5,4,5,5,5,5,5,4,4,4,5,4,3,3,4,4,5,4,5,5,5,4,4,4,5,5,5,3,4,4,3,4,3,4,3,2,2,4,2,3,4,1,0,
