10 106
00000011111000011111
00000110111000011111
00000101111000011111
00000111011000101111
00001010111000110111
00000111001110001111
00001011001110001111
00001100111000111011
00001011100011001111
00001011100011010111
00001010110110010111
00001011011001011011
00001011100011011011
00001011010110001111
00000111100011010111
00000111100011101011
00000111100010111011
00001011100011100111
00001110001110010111
00001110001110011011
00001011100011101011
00000110111000111011
00001011011000111011
00000111100010110111
00000101111000110111
00001010111000111011
00001101100011011011
00001011011001100111
00001100111000110111
00000111100011001111
00000111100011011011
00001101100011101011
00001101100011100111
00000111011000111011
00001010110110001111
00001100110110001111
00001101011000111011
00001011011001101011
00001011100101100111
00001101100101100111
00010101100101101011
00001011010110011011
00001101011001101011
00001101100110011011
00010101100110011011
00010110011001101011
00001101100110101011
00001101011000110111
00001100111001100111
00010101100101100111
00001011011000101111
00000110111000110111
00000111100001111011
00000111011000011111
00001011100010111011
00001110001110001111
00001011011001010111
00001011010110010111
00001100110110010111
00001011001101100111
00001011010101100111
00001101010110010111
00001101010110001111
00001100111001010111
00001010111000101111
00001011011000110111
00000101011110001111
00001101011001010111
00001010101110001111
00001101011001100111
00000101111000101111
00001010110101100111
00001101100101010111
00001010110110011011
00001110011001101011
00001110001110101011
00001110011001100111
00001011001011100111
00010101011001011011
00010110010110011011
00010101100101011011
00011001100110011011
00010101100110101011
00010110010110010111
00001010110011100111
00010110011001100111
00001110010101011011
00001101010101100111
00001110010101010111
00010101010110010111
00010101011001010111
00001011100101010111
00010101011001100111
00010101010110101011
00010110011010101011
00011001100110101011
00001010111001010111
00010101010101100111
00011001101010101011
00010101010110011011
00010101011001101011
00010110010110101011
00010101011010101011
00010110101010101011
00011010101010101011
00101010101010101011
0,1,1,2,3,2,3,3,3,3,4,4,3,3,2,2,2,3,3,3,3,2,3,2,2,3,3,4,3,2,2,3,3,2,3,3,3,4,4,4,5,4,4,4,5,5,4,3,4,5,3,2,1,1,3,3,4,4,4,4,4,4,3,4,3,3,2,4,3,4,2,4,4,4,4,3,4,4,5,5,5,5,5,5,4,5,4,4,4,5,5,4,5,6,5,5,4,5,5,5,5,5,6,6,6,7,
1,0,1,1,2,2,2,2,2,2,3,3,2,2,1,2,1,2,3,3,2,1,2,1,1,2,2,3,2,1,1,2,2,2,2,2,2,3,3,3,4,3,3,3,4,4,3,2,3,4,2,1,1,1,2,3,3,3,3,3,3,3,2,3,2,2,1,3,2,3,1,3,3,3,3,3,3,3,4,4,4,4,4,4,3,4,3,3,3,4,4,3,4,5,4,4,3,4,4,4,4,4,5,5,5,6,
1,1,0,1,2,2,2,3,2,2,3,3,2,2,2,2,1,2,3,3,2,2,2,1,1,2,3,3,3,2,2,3,3,2,2,3,3,3,3,3,4,3,4,4,4,4,4,3,4,4,2,2,1,1,2,3,3,3,3,3,3,3,3,3,2,2,1,3,2,4,1,3,3,3,4,3,4,3,4,4,4,5,4,4,3,4,3,4,3,4,4,3,4,5,4,5,3,4,5,4,4,4,5,5,5,6,
2,1,1,0,1,1,2,2,1,1,2,2,1,2,2,1,1,2,2,2,2,1,2,1,1,2,2,3,2,2,1,2,2,1,2,2,2,3,2,3,4,3,3,3,4,4,3,2,3,4,1,1,1,1,2,2,2,2,3,3,3,3,2,3,2,1,1,3,2,3,1,3,3,3,3,2,3,3,4,4,4,4,4,4,3,4,3,3,3,4,4,2,4,5,4,4,2,4,4,4,4,4,5,5,5,6,
3,2,2,1,0,2,2,2,1,1,1,2,1,2,1,2,2,2,3,3,2,2,2,2,2,1,2,3,2,2,2,2,2,2,1,2,2,3,2,3,3,3,3,3,3,4,3,2,3,3,1,1,2,2,2,3,1,2,3,3,3,3,2,2,1,1,1,2,1,3,2,2,2,2,3,3,3,3,3,4,3,4,3,4,2,4,2,3,2,3,3,1,3,4,4,4,1,3,4,3,3,4,4,4,4,5,
2,2,2,1,2,0,1,1,1,2,3,3,2,2,2,1,1,1,1,1,2,1,2,2,2,2,2,2,1,1,1,2,1,1,2,1,2,3,2,2,4,3,3,2,3,3,3,2,2,3,2,2,1,1,2,1,3,3,2,2,3,3,2,2,3,2,2,3,3,2,2,3,3,3,2,2,2,2,4,3,4,3,4,3,2,3,3,3,3,4,4,3,3,5,4,3,3,4,4,4,4,4,5,5,5,6,
3,2,2,2,2,1,0,1,1,2,2,2,2,1,2,2,2,2,1,2,2,2,1,1,2,2,2,2,1,1,1,2,1,2,1,1,2,2,1,1,3,2,3,2,2,2,3,2,2,2,1,2,2,2,2,2,2,2,2,1,2,3,2,2,2,1,2,3,2,2,2,2,3,2,2,3,2,1,3,2,3,3,3,2,1,2,2,3,3,4,4,3,2,4,3,3,3,4,4,3,3,3,4,4,5,6,
3,2,3,2,2,1,1,0,1,2,2,2,1,2,2,2,2,2,2,2,2,2,1,2,2,2,1,1,1,1,1,1,1,1,2,1,1,2,2,1,3,2,2,1,2,2,2,2,1,2,2,2,2,2,2,2,2,2,2,2,2,3,2,2,3,2,3,3,3,1,3,2,3,2,2,2,2,2,3,2,3,3,3,2,2,2,2,3,3,4,4,3,2,4,3,3,3,4,4,3,3,3,4,4,5,6,
3,2,2,1,1,1,1,1,0,1,2,2,1,2,2,2,2,2,2,2,2,2,2,2,2,2,2,2,1,1,2,2,2,2,2,1,2,3,2,2,4,3,3,2,3,3,3,2,2,3,1,1,2,2,2,2,2,2,2,2,3,3,2,2,2,1,2,3,2,2,2,3,3,3,2,3,2,2,4,3,4,3,4,3,2,3,3,3,3,4,4,2,3,5,4,3,2,4,4,4,4,4,5,5,5,6,
3,2,2,1,1,2,2,2,1,0,1,2,1,1,1,1,2,2,3,2,2,2,2,2,2,2,2,3,2,2,2,2,2,2,2,1,1,2,2,3,3,2,2,2,3,3,2,1,3,3,1,1,2,2,2,3,1,2,2,2,2,2,1,2,2,1,2,2,2,2,2,2,2,2,2,2,2,3,3,3,3,3,3,4,2,3,2,2,2,3,3,1,3,4,3,3,1,3,3,3,3,3,4,4,4,5,
4,3,3,2,1,3,2,2,2,1,0,1,1,2,2,2,2,2,2,3,2,2,2,2,3,2,2,2,2,3,2,2,2,2,1,2,1,2,1,2,2,2,2,2,2,3,2,2,3,2,2,2,3,3,2,3,1,1,2,2,2,2,2,2,2,1,2,2,2,2,3,1,2,1,3,3,3,2,2,3,2,4,2,3,1,3,1,3,2,3,3,1,2,3,3,4,1,3,4,2,2,3,3,3,4,5,
4,3,3,2,2,3,2,2,2,2,1,0,1,2,3,3,2,2,2,3,2,2,1,2,3,2,1,1,2,3,2,2,2,2,2,3,2,1,1,1,2,1,2,2,3,3,2,2,2,2,2,2,3,3,2,3,1,1,2,2,2,2,3,2,3,1,3,2,3,2,3,2,2,1,3,3,3,2,2,2,2,4,3,2,2,3,2,3,3,3,3,2,3,4,3,4,2,4,4,3,3,2,4,4,5,6,
3,2,2,1,1,2,2,1,1,1,1,1,0,2,2,2,1,1,2,2,1,1,1,2,2,1,1,2,2,2,1,1,1,1,2,2,1,2,1,2,3,2,2,2,3,3,2,2,2,3,1,1,2,2,1,2,1,1,2,2,2,2,2,2,2,1,2,2,2,2,2,2,2,2,3,2,3,2,3,3,3,4,3,3,2,3,2,3,3,3,3,2,3,4,3,4,2,4,4,3,3,3,4,4,5,6,
3,2,2,2,2,2,1,2,2,1,2,2,2,0,1,1,2,2,2,2,2,2,1,1,2,2,2,2,2,2,1,1,2,2,1,1,1,2,2,2,2,1,2,2,2,2,2,1,3,3,1,2,2,2,2,3,2,1,2,1,1,2,1,2,2,1,2,2,2,2,2,1,2,2,2,2,2,2,3,2,3,3,2,3,2,2,2,2,2,3,3,2,3,3,2,3,2,3,3,3,2,2,3,3,4,5,
2,1,2,2,1,2,2,2,2,1,2,3,2,1,0,1,2,2,3,2,2,1,2,1,1,1,2,3,2,1,1,2,2,2,1,1,1,2,3,3,3,2,2,2,3,3,2,1,3,3,2,1,2,1,2,3,2,2,2,2,2,2,1,2,1,2,1,2,1,2,2,2,2,2,2,2,2,3,3,3,3,3,3,4,2,3,2,2,2,3,3,2,3,4,3,3,2,3,3,3,3,3,4,4,4,5,
2,2,2,1,2,1,2,2,2,1,2,3,2,1,1,0,1,2,2,1,1,1,2,2,2,2,2,3,2,2,1,1,2,1,2,1,1,2,3,3,3,2,2,2,3,3,2,1,3,3,2,2,1,1,2,2,2,2,2,2,2,2,1,2,2,2,2,2,2,2,2,2,2,2,2,1,2,3,3,3,3,3,3,4,2,3,2,2,2,3,3,2,3,4,3,3,2,3,3,3,3,3,4,4,4,5,
2,1,1,1,2,1,2,2,2,2,2,2,1,2,2,1,0,1,2,2,1,1,1,1,1,1,2,2,2,2,1,2,2,1,2,2,2,2,2,2,3,2,3,3,4,4,3,2,3,3,2,2,1,1,1,2,2,2,2,3,3,2,2,2,2,2,1,2,2,3,1,3,2,2,3,2,3,3,3,3,3,4,4,3,3,4,3,3,3,3,3,3,4,5,4,4,3,4,4,4,4,3,5,5,5,6,
3,2,2,2,2,1,2,2,2,2,2,2,1,2,2,2,1,0,1,1,1,1,1,2,2,1,2,1,1,2,2,2,1,2,2,2,2,2,1,2,3,2,3,2,3,3,3,2,2,3,2,2,2,2,1,1,2,2,1,2,3,2,3,1,2,2,2,2,2,2,2,3,2,2,2,2,2,2,3,3,3,3,4,3,2,3,3,3,3,3,3,3,3,5,4,3,3,4,4,4,4,3,5,5,5,6,
3,3,3,2,3,1,1,2,2,3,2,2,2,2,3,2,2,1,0,1,2,2,2,2,3,2,2,2,2,2,2,2,1,2,2,2,2,2,1,1,3,2,3,2,2,2,3,3,2,2,2,3,2,2,2,1,2,2,2,1,2,3,3,2,3,2,3,3,3,2,3,2,3,2,2,2,2,1,3,2,3,3,3,2,1,2,2,3,3,4,4,3,2,4,3,3,3,4,4,3,3,3,4,4,5,6,
3,3,3,2,3,1,2,2,2,2,3,3,2,2,2,1,2,1,1,0,1,2,2,3,3,2,2,2,2,2,2,1,1,2,3,1,2,2,2,2,3,2,2,1,2,2,2,2,2,3,3,3,2,2,2,1,3,2,1,1,2,2,2,2,3,3,3,2,3,2,3,2,3,3,1,1,1,2,3,2,3,2,3,3,2,2,3,2,3,3,3,3,3,4,3,2,3,3,3,3,3,3,4,4,4,5,
3,2,2,2,2,2,2,2,2,2,2,2,1,2,2,1,1,1,2,1,0,1,1,2,2,1,2,2,2,2,2,1,2,2,2,2,2,1,2,2,2,2,2,2,3,3,2,1,3,2,2,2,2,2,1,2,2,1,1,2,2,1,2,2,2,2,2,1,2,2,2,2,2,2,2,1,2,3,2,3,2,3,3,3,3,3,3,2,3,2,2,3,3,4,3,3,3,3,3,3,3,3,4,4,4,5,
2,1,2,1,2,1,2,2,2,2,2,2,1,2,1,1,1,1,2,2,1,0,1,1,1,1,1,2,1,1,1,2,2,1,2,2,2,2,2,2,3,2,3,3,4,4,3,1,3,3,2,1,1,1,1,2,2,2,2,3,3,2,2,2,2,1,2,2,2,3,2,3,2,2,3,2,3,3,3,3,3,4,4,3,3,4,3,3,3,3,3,3,4,5,4,4,3,4,4,4,4,3,5,5,5,6,
3,2,2,2,2,2,1,1,2,2,2,1,1,1,2,2,1,1,2,2,1,1,0,1,2,1,1,1,2,2,1,1,1,1,1,2,1,1,2,1,2,1,2,2,3,3,2,2,2,2,1,2,2,2,1,2,2,2,2,2,2,2,2,2,2,1,2,2,2,2,2,2,2,1,3,2,3,2,2,2,2,4,3,2,2,3,2,3,3,3,3,3,3,4,3,4,3,4,4,3,3,2,4,4,5,6,
2,1,1,1,2,2,1,2,2,2,2,2,2,1,1,2,1,2,2,3,2,1,1,0,1,2,2,2,2,1,1,2,2,2,1,2,2,2,2,2,3,2,3,3,3,3,3,2,3,3,1,1,2,1,2,3,2,2,3,2,2,3,2,3,2,1,1,3,2,3,1,2,3,2,3,3,3,2,3,3,3,4,3,3,2,3,2,3,3,4,4,3,3,4,3,4,3,4,4,3,3,3,4,4,5,6,
2,1,1,1,2,2,2,2,2,2,3,3,2,2,1,2,1,2,3,3,2,1,2,1,0,2,2,3,2,1,1,2,2,2,2,2,2,3,3,3,4,3,3,3,4,4,3,2,3,4,1,1,2,1,1,3,3,3,3,3,3,3,2,3,1,2,1,3,2,3,1,3,3,3,3,3,3,3,4,4,4,4,4,4,3,4,3,3,3,4,4,3,4,5,4,4,3,4,4,4,4,4,5,5,5,6,
3,2,2,2,1,2,2,2,2,2,2,2,1,2,1,2,1,1,2,2,1,1,1,2,2,0,2,2,2,2,2,2,2,2,1,2,2,2,2,2,2,2,3,3,3,4,3,1,3,2,2,2,2,2,1,2,1,2,2,3,3,2,2,1,1,2,1,1,1,3,2,2,1,1,3,2,3,3,2,3,2,4,3,3,2,4,2,3,2,2,2,2,3,4,4,4,2,3,4,3,3,3,4,4,4,5,
3,2,3,2,2,2,2,1,2,2,2,1,1,2,2,2,2,2,2,2,2,1,1,2,2,2,0,1,1,2,1,1,1,1,2,2,1,1,2,1,2,1,2,2,3,3,2,1,2,2,2,2,2,2,2,2,2,2,2,2,2,2,2,2,3,1,3,2,3,2,3,2,2,1,3,2,3,2,2,2,2,4,3,2,2,3,2,3,3,3,3,3,3,4,3,4,3,4,4,3,3,2,4,4,5,6,
4,3,3,3,3,2,2,1,2,3,2,1,2,2,3,3,2,1,2,2,2,2,1,2,3,2,1,0,1,2,2,2,1,2,2,2,2,1,1,1,2,1,2,1,2,2,2,2,1,2,2,3,3,3,2,2,2,2,1,2,2,2,3,1,3,2,3,2,3,1,3,2,2,1,2,3,2,2,2,2,2,3,3,2,2,2,2,3,3,3,3,3,2,4,3,3,3,4,4,3,3,2,4,4,5,6,
3,2,3,2,2,1,1,1,1,2,2,2,2,2,2,2,2,1,2,2,2,1,2,2,2,2,1,1,0,1,2,2,2,2,2,1,2,2,1,2,3,2,3,2,3,3,3,1,2,3,2,2,2,2,2,2,2,2,1,2,3,2,2,1,3,1,3,2,3,2,3,3,2,2,2,3,2,2,3,3,3,3,4,3,2,3,3,3,3,3,3,3,3,5,4,3,3,4,4,4,4,3,5,5,5,6,
2,1,2,2,2,1,1,1,1,2,3,3,2,2,1,2,2,2,2,2,2,1,2,1,1,2,2,2,1,0,1,2,2,2,2,1,2,3,2,2,4,3,3,2,3,3,3,2,2,3,2,1,2,1,2,2,3,3,2,2,3,3,2,2,2,2,2,3,2,2,2,3,3,3,2,3,2,2,4,3,4,3,4,3,2,3,3,3,3,4,4,3,3,5,4,3,3,4,4,4,4,4,5,5,5,6,
2,1,2,1,2,1,1,1,2,2,2,2,1,1,1,1,1,2,2,2,2,1,1,1,1,2,1,2,2,1,0,1,1,1,1,2,1,2,2,2,3,2,2,2,3,3,2,2,2,3,1,1,1,1,2,2,2,2,3,2,2,3,2,3,2,1,2,3,2,2,2,2,3,2,3,2,3,2,3,3,3,4,3,3,2,3,2,3,3,4,4,3,3,4,3,4,3,4,4,3,3,3,4,4,5,6,
3,2,3,2,2,2,2,1,2,2,2,2,1,1,2,1,2,2,2,1,1,2,1,2,2,2,1,2,2,2,1,0,1,1,2,2,1,1,2,2,2,1,1,1,2,2,1,2,2,2,2,2,2,2,2,2,2,1,2,1,1,2,2,3,3,2,3,2,3,1,3,1,3,2,2,1,2,2,2,2,2,3,2,3,2,2,2,2,3,3,3,3,2,3,2,3,3,3,3,2,2,2,3,3,4,5,
3,2,3,2,2,1,1,1,2,2,2,2,1,2,2,2,2,1,1,1,2,2,1,2,2,2,1,1,2,2,1,1,0,1,2,2,1,2,1,1,3,2,2,1,2,2,2,2,1,2,2,2,2,2,2,1,2,2,2,1,2,3,2,2,3,2,3,3,3,1,3,2,3,2,2,2,2,1,3,2,3,3,3,2,1,2,2,3,3,4,4,3,2,4,3,3,3,4,4,3,3,3,4,4,5,6,
2,2,2,1,2,1,2,1,2,2,2,2,1,2,2,1,1,2,2,2,2,1,1,2,2,2,1,2,2,2,1,1,1,0,2,2,1,2,2,2,3,2,2,2,3,3,2,2,2,3,2,2,1,1,2,2,2,2,3,2,2,3,2,3,3,2,2,3,3,2,2,2,3,2,3,2,3,2,3,3,3,4,3,3,2,3,2,3,3,4,4,3,3,4,3,4,3,4,4,3,3,3,4,4,5,6,
3,2,2,2,1,2,1,2,2,2,1,2,2,1,1,2,2,2,2,3,2,2,1,1,2,1,2,2,2,2,1,2,2,2,0,2,1,2,2,2,2,2,2,2,2,3,2,2,3,2,1,2,2,2,2,3,2,2,3,2,2,3,2,2,1,1,1,2,1,2,2,1,2,1,3,3,3,2,2,3,2,4,2,3,1,3,1,3,2,3,3,2,2,3,3,4,2,3,4,2,2,3,3,3,4,5,
3,2,3,2,2,1,1,1,1,1,2,3,2,1,1,1,2,2,2,1,2,2,2,2,2,2,2,2,1,1,2,2,2,2,2,0,1,2,2,2,3,2,2,1,2,2,2,1,2,3,2,2,2,2,3,2,2,2,1,1,2,2,1,2,2,2,2,2,2,2,3,2,2,2,1,2,1,2,3,2,3,2,3,3,2,2,2,2,2,3,3,2,3,4,3,2,2,3,3,3,3,3,4,4,4,5,
3,2,3,2,2,2,2,1,2,1,1,2,1,1,1,1,2,2,2,2,2,2,1,2,2,2,1,2,2,2,1,1,1,1,1,1,0,1,2,2,2,1,1,1,2,2,1,1,2,2,2,2,2,2,2,2,2,2,2,2,2,2,1,2,2,2,2,2,2,1,3,1,2,1,2,2,2,2,2,2,2,3,2,3,1,2,1,2,2,3,3,2,2,3,2,3,2,3,3,2,2,2,3,3,4,5,
4,3,3,3,3,3,2,2,3,2,2,1,2,2,2,2,2,2,2,2,1,2,1,2,3,2,1,1,2,3,2,1,2,2,2,2,1,0,2,1,1,1,1,1,2,2,1,1,2,1,2,3,3,3,2,3,2,1,1,2,2,1,2,2,3,2,3,1,3,1,3,2,2,1,2,2,2,2,1,2,1,3,2,2,2,2,2,2,3,2,2,3,2,3,2,3,3,3,3,2,2,2,3,3,4,5,
4,3,3,2,2,2,1,2,2,2,1,1,1,2,3,3,2,1,1,2,2,2,2,2,3,2,2,1,1,2,2,2,1,2,2,2,2,2,0,1,3,2,3,2,2,2,3,2,2,2,2,2,3,3,2,2,1,1,1,1,2,2,3,1,3,1,3,2,3,2,3,2,2,2,2,3,2,1,3,2,3,3,3,2,1,2,2,3,3,3,3,2,2,4,3,3,2,4,4,3,3,3,4,4,5,6,
4,3,3,3,3,2,1,1,2,3,2,1,2,2,3,3,2,2,1,2,2,2,1,2,3,2,1,1,2,2,2,2,1,2,2,2,2,1,1,0,2,1,2,1,2,2,2,2,1,1,2,3,3,3,2,2,2,2,2,1,2,2,3,2,3,2,3,2,3,1,3,2,2,1,2,3,2,1,2,1,2,3,3,1,1,2,2,3,3,3,3,3,2,4,3,3,3,4,4,3,3,2,4,4,5,6,
5,4,4,4,3,4,3,3,4,3,2,2,3,2,3,3,3,3,3,3,2,3,2,3,4,2,2,2,3,4,3,2,3,3,2,3,2,1,3,2,0,1,1,2,1,2,2,2,3,1,3,4,4,4,3,4,2,2,2,2,2,2,3,2,3,3,3,2,3,2,4,1,2,1,3,3,3,2,1,1,1,3,1,2,2,2,2,3,3,2,2,3,2,2,2,3,3,3,3,2,1,1,2,3,4,5,
4,3,3,3,3,3,2,2,3,2,2,1,2,1,2,2,2,2,2,2,2,2,1,2,3,2,1,1,2,3,2,1,2,2,2,2,1,1,2,1,1,0,1,1,2,2,1,2,2,2,2,3,3,3,2,3,2,1,2,1,1,2,2,2,3,2,3,2,3,1,3,1,2,1,2,2,2,2,2,1,2,3,2,2,2,2,2,2,3,3,3,3,2,3,2,3,3,3,3,2,2,1,3,3,4,5,
4,3,4,3,3,3,3,2,3,2,2,2,2,2,2,2,3,3,3,2,2,3,2,3,3,3,2,2,3,3,2,1,2,2,2,2,1,1,3,2,1,1,0,1,1,2,1,2,2,2,3,3,3,3,3,3,3,2,2,2,2,2,2,3,3,3,3,2,3,1,4,1,3,2,2,2,2,3,2,2,2,3,1,3,2,2,2,2,3,3,3,3,2,2,2,3,3,3,3,2,1,2,2,3,4,5,
4,3,4,3,3,2,2,1,2,2,2,2,2,2,2,2,3,2,2,1,2,3,2,3,3,3,2,1,2,2,2,1,1,2,2,1,1,1,2,1,2,1,1,0,1,1,1,2,1,2,3,3,3,3,3,2,3,2,1,1,2,2,2,2,3,3,3,2,3,1,4,2,3,2,1,2,1,2,2,1,2,2,2,2,2,1,2,2,3,3,3,3,2,3,2,2,3,3,3,2,2,2,3,3,4,5,
5,4,4,4,3,3,2,2,3,3,2,3,3,2,3,3,4,3,2,2,3,4,3,3,4,3,3,2,3,3,3,2,2,3,2,2,2,2,2,2,1,2,1,1,0,1,2,3,2,1,3,4,4,4,4,3,3,2,2,1,2,3,3,3,3,3,3,3,3,1,4,1,3,2,2,3,2,2,2,1,2,2,1,2,1,1,2,3,3,3,3,3,1,2,2,2,3,3,3,2,1,2,2,3,4,5,
5,4,4,4,4,3,2,2,3,3,3,3,3,2,3,3,4,3,2,2,3,4,3,3,4,4,3,2,3,3,3,2,2,3,3,2,2,2,2,2,2,2,2,1,1,0,1,3,2,2,3,4,4,4,4,3,3,2,2,1,1,2,2,3,4,3,4,3,3,2,4,2,3,3,1,2,2,2,2,1,3,1,1,2,2,1,2,2,3,3,3,3,2,2,1,1,4,3,2,2,2,1,2,2,3,4,
4,3,4,3,3,3,3,2,3,2,2,2,2,2,2,2,3,3,3,2,2,3,2,3,3,3,2,2,3,3,2,1,2,2,2,2,1,1,3,2,2,1,1,1,2,1,0,2,2,2,3,3,3,3,3,3,3,2,2,2,1,1,1,3,3,3,3,2,2,1,4,2,2,2,1,1,2,3,1,2,2,2,1,3,2,2,1,1,2,2,2,2,1,2,1,2,3,2,2,1,1,1,2,2,3,4,
3,2,3,2,2,2,2,2,2,1,2,2,2,1,1,1,2,2,3,2,1,1,2,2,2,1,1,2,1,2,2,2,2,2,2,1,1,1,2,2,2,2,2,2,3,3,2,0,3,2,2,2,2,2,2,3,1,1,1,2,2,1,1,1,2,1,2,1,2,2,3,2,1,1,2,2,2,3,2,3,2,3,3,3,2,3,2,2,2,2,2,2,3,4,3,3,2,3,3,3,3,3,4,4,4,5,
4,3,4,3,3,2,2,1,2,3,3,2,2,3,3,3,3,2,2,2,3,3,2,3,3,3,2,1,2,2,2,2,1,2,3,2,2,2,2,1,3,2,2,1,2,2,2,3,0,2,3,3,3,3,3,2,3,3,2,2,3,3,3,2,4,3,4,3,4,1,4,3,3,2,2,3,2,2,3,2,3,3,3,2,2,2,3,3,4,4,4,4,2,4,3,3,4,4,4,3,3,3,4,4,5,6,
5,4,4,4,3,3,2,2,3,3,2,2,3,3,3,3,3,3,2,3,2,3,2,3,4,2,2,2,3,3,3,2,2,3,2,3,2,1,2,1,1,2,2,2,1,2,2,2,2,0,3,4,4,4,3,3,2,2,2,2,3,2,3,2,3,3,3,2,3,1,4,2,2,1,3,3,3,1,1,1,1,3,2,1,1,2,2,3,3,2,2,3,1,3,3,3,3,3,4,2,2,2,3,3,4,5,
3,2,2,1,1,2,1,2,1,1,2,2,1,1,2,2,2,2,2,3,2,2,1,1,1,2,2,2,2,2,1,2,2,2,1,2,2,2,2,2,3,2,3,3,3,3,3,2,3,3,0,1,2,2,1,3,2,2,3,2,2,3,2,3,1,1,2,3,2,3,2,2,3,2,3,3,3,2,3,3,3,4,3,3,2,3,2,3,3,4,4,2,3,4,3,4,2,4,4,3,3,3,4,4,5,6,
2,1,2,1,1,2,2,2,1,1,2,2,1,2,1,2,2,2,3,3,2,1,2,1,1,2,2,3,2,1,1,2,2,2,2,2,2,3,2,3,4,3,3,3,4,4,3,2,3,4,1,0,2,1,2,3,2,2,3,3,3,3,2,3,2,1,2,3,2,3,2,3,3,3,3,3,3,3,4,4,4,4,4,4,3,4,3,3,3,4,4,2,4,5,4,4,2,4,4,4,4,4,5,5,5,6,
1,1,1,1,2,1,2,2,2,2,3,3,2,2,2,1,1,2,2,2,2,1,2,2,2,2,2,3,2,2,1,2,2,1,2,2,2,3,3,3,4,3,3,3,4,4,3,2,3,4,2,2,0,1,2,2,3,3,3,3,3,3,2,3,3,2,2,3,3,3,2,3,3,3,3,2,3,3,4,4,4,4,4,4,3,4,3,3,3,4,4,3,4,5,4,4,3,4,4,4,4,4,5,5,5,6,
1,1,1,1,2,1,2,2,2,2,3,3,2,2,1,1,1,2,2,2,2,1,2,1,1,2,2,3,2,1,1,2,2,1,2,2,2,3,3,3,4,3,3,3,4,4,3,2,3,4,2,1,1,0,2,2,3,3,3,3,3,3,2,3,2,2,2,3,2,3,2,3,3,3,3,2,3,3,4,4,4,4,4,4,3,4,3,3,3,4,4,3,4,5,4,4,3,4,4,4,4,4,5,5,5,6,
3,2,2,2,2,2,2,2,2,2,2,2,1,2,2,2,1,1,2,2,1,1,1,2,1,1,2,2,2,2,2,2,2,2,2,3,2,2,2,2,3,2,3,3,4,4,3,2,3,3,1,2,2,2,0,2,2,2,2,3,3,2,3,2,1,2,2,2,2,3,2,3,2,2,3,2,3,3,3,3,3,4,4,3,3,4,3,3,3,3,3,3,4,5,4,4,3,4,4,4,4,3,5,5,5,6,
3,3,3,2,3,1,2,2,2,3,3,3,2,3,3,2,2,1,1,1,2,2,2,3,3,2,2,2,2,2,2,2,1,2,3,2,2,3,2,2,4,3,3,2,3,3,3,3,2,3,3,3,2,2,2,0,3,3,2,2,3,3,3,2,3,3,3,3,3,2,3,3,3,3,2,2,2,2,4,3,4,3,4,3,2,3,3,3,4,4,4,4,3,5,4,3,4,4,4,4,4,4,5,5,5,6,
4,3,3,2,1,3,2,2,2,1,1,1,1,2,2,2,2,2,2,3,2,2,2,2,3,1,2,2,2,3,2,2,2,2,2,2,2,2,1,2,2,2,3,3,3,3,3,1,3,2,2,2,3,3,2,3,0,1,2,2,2,2,2,1,2,1,2,1,2,3,3,2,1,1,3,3,3,2,2,3,2,4,3,3,2,3,2,3,2,2,2,1,3,4,3,4,1,3,4,3,3,3,4,4,4,5,
4,3,3,2,2,3,2,2,2,2,1,1,1,1,2,2,2,2,2,2,1,2,2,2,3,2,2,2,2,3,2,1,2,2,2,2,2,1,1,2,2,1,2,2,2,2,2,1,3,2,2,2,3,3,2,3,1,0,1,1,1,1,2,2,3,1,3,1,3,2,3,1,2,2,2,2,2,2,2,2,2,3,2,3,2,2,2,2,3,2,2,2,3,3,2,3,2,3,3,3,2,2,3,3,4,5,
4,3,3,3,3,2,2,2,2,2,2,2,2,2,2,2,2,1,2,1,1,2,2,3,3,2,2,1,1,2,3,2,2,3,3,1,2,1,1,2,2,2,2,1,2,2,2,1,2,2,3,3,3,3,2,2,2,1,0,1,2,1,2,1,3,2,3,1,3,2,3,2,2,2,1,2,1,2,2,2,2,2,3,3,2,2,3,2,3,2,2,3,3,4,3,2,3,3,3,3,3,3,4,4,4,5,
4,3,3,3,3,2,1,2,2,2,2,2,2,1,2,2,3,2,1,1,2,3,2,2,3,3,2,2,2,2,2,1,1,2,2,1,2,2,1,1,2,1,2,1,1,1,2,2,2,2,2,3,3,3,3,2,2,1,1,0,1,2,2,2,3,2,3,2,3,2,3,1,3,2,1,2,1,1,3,1,3,2,2,2,1,1,2,2,3,3,3,3,2,3,2,2,3,3,3,3,2,2,3,3,4,5,
4,3,3,3,3,3,2,2,3,2,2,2,2,1,2,2,3,3,2,2,2,3,2,2,3,3,2,2,3,3,2,1,2,2,2,2,2,2,2,2,2,1,2,2,2,1,1,2,3,3,2,3,3,3,3,3,2,1,2,1,0,1,1,3,3,2,3,2,2,2,3,1,2,2,1,1,2,2,2,2,3,2,1,3,2,2,2,1,2,2,2,2,2,2,1,2,3,2,2,2,2,1,2,2,3,4,
4,3,3,3,3,3,3,3,3,2,2,2,2,2,2,2,2,2,3,2,1,2,2,3,3,2,2,2,2,3,3,2,3,3,3,2,2,1,2,2,2,2,2,2,3,2,1,1,3,2,3,3,3,3,2,3,2,1,1,2,1,0,1,2,3,2,3,1,2,2,3,2,1,2,1,1,2,3,1,3,2,2,2,3,3,3,2,1,2,1,1,2,2,3,2,2,3,2,2,2,2,2,3,3,3,4,
3,2,3,2,2,2,2,2,2,1,2,3,2,1,1,1,2,3,3,2,2,2,2,2,2,2,2,3,2,2,2,2,2,2,2,1,1,2,3,3,3,2,2,2,3,2,1,1,3,3,2,2,2,2,3,3,2,2,2,2,1,1,0,2,2,2,2,2,1,2,3,2,1,2,1,1,2,3,2,3,3,2,2,4,2,3,1,1,1,2,2,1,2,3,2,2,2,2,2,2,2,2,3,3,3,4,
4,3,3,3,2,2,2,2,2,2,2,2,2,2,2,2,2,1,2,2,2,2,2,3,3,1,2,1,1,2,3,3,2,3,2,2,2,2,1,2,2,2,3,2,3,3,3,1,2,2,3,3,3,3,2,2,1,2,1,2,3,2,2,0,2,2,2,1,2,2,3,2,1,1,2,3,2,2,2,3,2,3,3,3,2,3,2,3,2,2,2,2,3,4,4,3,2,3,4,3,3,3,4,4,4,5,
3,2,2,2,1,3,2,3,2,2,2,3,2,2,1,2,2,2,3,3,2,2,2,2,1,1,3,3,3,2,2,3,3,3,1,2,2,3,3,3,3,3,3,3,3,4,3,2,4,3,1,2,3,2,1,3,2,3,3,3,3,3,2,2,0,2,1,2,1,3,2,2,2,2,3,3,3,3,3,4,3,4,3,4,2,4,2,3,2,3,3,2,3,4,4,4,2,3,4,3,3,4,4,4,4,5,
3,2,2,1,1,2,1,2,1,1,1,1,1,1,2,2,2,2,2,3,2,1,1,1,2,2,1,2,1,2,1,2,2,2,1,2,2,2,1,2,3,2,3,3,3,3,3,1,3,3,1,1,2,2,2,3,1,1,2,2,2,2,2,2,2,0,2,2,2,3,2,2,2,2,3,3,3,2,3,3,3,4,3,3,2,3,2,3,3,3,3,2,3,4,3,4,2,4,4,3,3,3,4,4,5,6,
2,1,1,1,1,2,2,3,2,2,2,3,2,2,1,2,1,2,3,3,2,2,2,1,1,1,3,3,3,2,2,3,3,2,1,2,2,3,3,3,3,3,3,3,3,4,3,2,4,3,2,2,2,2,2,3,2,3,3,3,3,3,2,2,1,2,0,2,1,3,1,2,2,2,3,3,3,3,3,4,3,4,3,4,2,4,2,3,2,3,3,2,3,4,4,4,2,3,4,3,3,4,4,4,4,5,
4,3,3,3,2,3,3,3,3,2,2,2,2,2,2,2,2,2,3,2,1,2,2,3,3,1,2,2,2,3,3,2,3,3,2,2,2,1,2,2,2,2,2,2,3,3,2,1,3,2,3,3,3,3,2,3,1,1,1,2,2,1,2,1,2,2,2,0,2,2,3,2,1,1,2,2,2,3,2,3,1,3,3,3,2,3,2,2,2,2,1,2,3,4,3,3,2,3,3,3,3,3,4,4,4,5,
3,2,2,2,1,3,2,3,2,2,2,3,2,2,1,2,2,2,3,3,2,2,2,2,2,1,3,3,3,2,2,3,3,3,1,2,2,3,3,3,3,3,3,3,3,3,2,2,4,3,2,2,3,2,2,3,2,3,3,3,2,2,1,2,1,2,1,2,0,3,2,2,1,2,2,2,3,3,2,4,3,3,3,4,2,4,1,2,1,2,2,1,2,3,3,3,2,2,3,2,2,3,3,3,3,4,
4,3,4,3,3,2,2,1,2,2,2,2,2,2,2,2,3,2,2,2,2,3,2,3,3,3,2,1,2,2,2,1,1,2,2,2,1,1,2,1,2,1,1,1,1,2,1,2,1,1,3,3,3,3,3,2,3,2,2,2,2,2,2,2,3,3,3,2,3,0,4,2,3,2,2,2,2,2,2,2,2,3,2,2,1,2,2,2,3,3,3,3,1,3,2,3,3,3,3,2,2,2,3,3,4,5,
2,1,1,1,2,2,2,3,2,2,3,3,2,2,2,2,1,2,3,3,2,2,2,1,1,2,3,3,3,2,2,3,3,2,2,3,3,3,3,3,4,3,4,4,4,4,4,3,4,4,2,2,2,2,2,3,3,3,3,3,3,3,3,3,2,2,1,3,2,4,0,3,3,3,4,3,4,3,4,4,4,5,4,4,3,4,3,4,3,4,4,3,4,5,4,5,3,4,5,4,4,4,5,5,5,6,
4,3,3,3,2,3,2,2,3,2,1,2,2,1,2,2,3,3,2,2,2,3,2,2,3,2,2,2,3,3,2,1,2,2,1,2,1,2,2,2,1,1,1,2,1,2,2,2,3,2,2,3,3,3,3,3,2,1,2,1,1,2,2,2,2,2,2,2,2,2,3,0,2,1,2,2,2,2,2,2,2,3,1,3,1,2,1,2,2,3,3,2,2,2,2,3,2,3,3,2,1,2,2,3,4,5,
4,3,3,3,2,3,3,3,3,2,2,2,2,2,2,2,2,2,3,3,2,2,2,3,3,1,2,2,2,3,3,3,3,3,2,2,2,2,2,2,2,2,3,3,3,3,2,1,3,2,3,3,3,3,2,3,1,2,2,3,2,1,1,1,2,2,2,1,1,3,3,2,0,1,2,2,3,3,1,3,2,3,3,3,2,4,1,2,1,1,1,1,2,3,3,3,2,2,3,2,2,3,3,3,3,4,
4,3,3,3,2,3,2,2,3,2,1,1,2,2,2,2,2,2,2,3,2,2,1,2,3,1,1,1,2,3,2,2,2,2,1,2,1,1,2,1,1,1,2,2,2,3,2,1,2,1,2,3,3,3,2,3,1,2,2,2,2,2,2,1,2,2,2,1,2,2,3,1,1,0,3,3,3,2,1,2,1,4,2,2,1,3,1,3,2,2,2,2,2,3,3,4,2,3,4,2,2,2,3,3,4,5,
4,3,4,3,3,2,2,2,2,2,3,3,3,2,2,2,3,2,2,1,2,3,3,3,3,3,3,2,2,2,3,2,2,3,3,1,2,2,2,2,3,2,2,1,2,1,1,2,2,3,3,3,3,3,3,2,3,2,1,1,1,1,1,2,3,3,3,2,2,2,4,2,2,3,0,1,1,2,2,2,3,1,2,3,2,2,2,1,2,2,2,2,2,3,2,1,3,2,2,2,2,2,3,3,3,4,
3,3,3,2,3,2,3,2,3,2,3,3,2,2,2,1,2,2,2,1,1,2,2,3,3,2,2,3,3,3,2,1,2,2,3,2,2,2,3,3,3,2,2,2,3,2,1,2,3,3,3,3,2,2,2,2,3,2,2,2,1,1,1,3,3,3,3,2,2,2,3,2,2,3,1,0,2,3,2,3,3,2,2,4,3,3,2,1,2,2,2,2,2,3,2,2,3,2,2,2,2,2,3,3,3,4,
4,3,4,3,3,2,2,2,2,2,3,3,3,2,2,2,3,2,2,1,2,3,3,3,3,3,3,2,2,2,3,2,2,3,3,1,2,2,2,2,3,2,2,1,2,2,2,2,2,3,3,3,3,3,3,2,3,2,1,1,2,2,2,2,3,3,3,2,3,2,4,2,3,3,1,2,0,2,3,2,3,1,3,3,2,1,3,2,3,3,3,3,3,4,3,2,3,3,3,3,3,3,4,4,4,5,
4,3,3,3,3,2,1,2,2,3,2,2,2,2,3,3,3,2,1,2,3,3,2,2,3,3,2,2,2,2,2,2,1,2,2,2,2,2,1,1,2,2,3,2,2,2,3,3,2,1,2,3,3,3,3,2,2,2,2,1,2,3,3,2,3,2,3,3,3,2,3,2,3,2,2,3,2,0,2,1,2,3,3,1,1,2,2,3,3,3,3,3,2,4,3,3,3,4,4,3,3,2,4,4,5,6,
5,4,4,4,3,4,3,3,4,3,2,2,3,3,3,3,3,3,3,3,2,3,2,3,4,2,2,2,3,4,3,2,3,3,2,3,2,1,3,2,1,2,2,2,2,2,1,2,3,1,3,4,4,4,3,4,2,2,2,3,2,1,2,2,3,3,3,2,2,2,4,2,1,1,2,2,3,2,0,2,1,3,2,2,2,3,1,2,2,1,1,2,1,2,2,3,3,2,3,1,1,2,2,2,3,4,
5,4,4,4,4,3,2,2,3,3,3,2,3,2,3,3,3,3,2,2,3,3,2,3,4,3,2,2,3,3,3,2,2,3,3,2,2,2,2,1,1,1,2,1,1,1,2,3,2,1,3,4,4,4,3,3,3,2,2,1,2,3,3,3,4,3,4,3,4,2,4,2,3,2,2,3,2,1,2,0,2,2,2,1,2,1,3,3,4,3,3,4,2,3,2,2,4,4,3,3,2,1,3,3,4,5,
5,4,4,4,3,4,3,3,4,3,2,2,3,3,3,3,3,3,3,3,2,3,2,3,4,2,2,2,3,4,3,2,3,3,2,3,2,1,3,2,1,2,2,2,2,3,2,2,3,1,3,4,4,4,3,4,2,2,2,3,3,2,3,2,3,3,3,1,3,2,4,2,2,1,3,3,3,2,1,2,0,4,2,2,2,3,2,3,3,2,1,3,2,3,3,4,3,3,4,2,2,2,3,3,4,5,
5,4,5,4,4,3,3,3,3,3,4,4,4,3,3,3,4,3,3,2,3,4,4,4,4,4,4,3,3,3,4,3,3,4,4,2,3,3,3,3,3,3,3,2,2,1,2,3,3,3,4,4,4,4,4,3,4,3,2,2,2,2,2,3,4,4,4,3,3,3,5,3,3,4,1,2,1,3,3,2,4,0,2,3,3,1,3,2,3,3,3,3,3,3,2,1,4,3,2,3,3,2,3,3,3,4,
5,4,4,4,3,4,3,3,4,3,2,3,3,2,3,3,4,4,3,3,3,4,3,3,4,3,3,3,4,4,3,2,3,3,2,3,2,2,3,3,1,2,1,2,1,1,1,3,3,2,3,4,4,4,4,4,3,2,3,2,1,2,2,3,3,3,3,3,3,2,4,1,3,2,2,2,3,3,2,2,2,2,0,3,2,2,2,2,3,3,3,3,2,1,1,2,3,3,2,2,1,1,1,2,3,4,
5,4,4,4,4,3,2,2,3,4,3,2,3,3,4,4,3,3,2,3,3,3,2,3,4,3,2,2,3,3,3,3,2,3,3,3,3,2,2,1,2,2,3,2,2,2,3,3,2,1,3,4,4,4,3,3,3,3,3,2,3,3,4,3,4,3,4,3,4,2,4,3,3,2,3,4,3,1,2,1,2,3,3,0,2,2,3,4,4,3,3,4,2,4,3,3,4,4,4,3,3,2,4,4,5,6,
4,3,3,3,2,2,1,2,2,2,1,2,2,2,2,2,3,2,1,2,3,3,2,2,3,2,2,2,2,2,2,2,1,2,1,2,1,2,1,1,2,2,2,2,1,2,2,2,2,1,2,3,3,3,3,2,2,2,2,1,2,3,2,2,2,2,2,2,2,1,3,1,2,1,2,3,2,1,2,2,2,3,2,2,0,2,1,3,2,3,3,2,1,3,3,3,2,3,4,2,2,3,3,3,4,5,
5,4,4,4,4,3,2,2,3,3,3,3,3,2,3,3,4,3,2,2,3,4,3,3,4,4,3,2,3,3,3,2,2,3,3,2,2,2,2,2,2,2,2,1,1,1,2,3,2,2,3,4,4,4,4,3,3,2,2,1,2,3,3,3,4,3,4,3,4,2,4,2,4,3,2,3,1,2,3,1,3,1,2,2,2,0,3,3,4,4,4,4,2,3,2,2,4,4,3,3,2,2,3,3,4,5,
4,3,3,3,2,3,2,2,3,2,1,2,2,2,2,2,3,3,2,3,3,3,2,2,3,2,2,2,3,3,2,2,2,2,1,2,1,2,2,2,2,2,2,2,2,2,1,2,3,2,2,3,3,3,3,3,2,2,3,2,2,2,1,2,2,2,2,2,1,2,3,1,1,1,2,2,3,2,1,3,2,3,2,3,1,3,0,2,1,2,2,1,1,2,2,3,2,2,3,1,1,2,2,2,3,4,
4,3,4,3,3,3,3,3,3,2,3,3,3,2,2,2,3,3,3,2,2,3,3,3,3,3,3,3,3,3,3,2,3,3,3,2,2,2,3,3,3,2,2,2,3,2,1,2,3,3,3,3,3,3,3,3,3,2,2,2,1,1,1,3,3,3,3,2,2,2,4,2,2,3,1,1,2,3,2,3,3,2,2,4,3,3,2,0,1,1,2,2,2,2,1,1,3,1,1,1,2,2,3,2,2,3,
4,3,3,3,2,3,3,3,3,2,2,3,3,2,2,2,3,3,3,3,3,3,3,3,3,2,3,3,3,3,3,3,3,3,2,2,2,3,3,3,3,3,3,3,3,3,2,2,4,3,3,3,3,3,3,4,2,3,3,3,2,2,1,2,2,3,2,2,1,3,3,2,1,2,2,2,3,3,2,4,3,3,3,4,2,4,1,1,0,1,2,1,2,2,2,2,2,1,2,1,2,3,3,2,2,3,
5,4,4,4,3,4,4,4,4,3,3,3,3,3,3,3,3,3,4,3,2,3,3,4,4,2,3,3,3,4,4,3,4,4,3,3,3,2,3,3,2,3,3,3,3,3,2,2,4,2,4,4,4,4,3,4,2,2,2,3,2,1,2,2,3,3,3,2,2,3,4,3,1,2,2,2,3,3,1,3,2,3,3,3,3,4,2,1,1,0,1,2,2,2,2,2,3,1,2,1,2,3,3,2,2,3,
5,4,4,4,3,4,4,4,4,3,3,3,3,3,3,3,3,3,4,3,2,3,3,4,4,2,3,3,3,4,4,3,4,4,3,3,3,2,3,3,2,3,3,3,3,3,2,2,4,2,4,4,4,4,3,4,2,2,2,3,2,1,2,2,3,3,3,1,2,3,4,3,1,2,2,2,3,3,1,3,1,3,3,3,3,4,2,2,2,1,0,2,2,3,3,3,3,2,3,2,2,3,3,3,3,4,
4,3,3,2,1,3,3,3,2,1,1,2,2,2,2,2,3,3,3,3,3,3,3,3,3,2,3,3,3,3,3,3,3,3,2,2,2,3,2,3,3,3,3,3,3,3,2,2,4,3,2,2,3,3,3,4,1,2,3,3,2,2,1,2,2,2,2,2,1,3,3,2,1,2,2,2,3,3,2,4,3,3,3,4,2,4,1,2,1,2,2,0,2,3,3,3,1,2,3,2,2,3,3,3,3,4,
5,4,4,4,3,3,2,2,3,3,2,3,3,3,3,3,4,3,2,3,3,4,3,3,4,3,3,2,3,3,3,2,2,3,2,3,2,2,2,2,2,2,2,2,1,2,1,3,2,1,3,4,4,4,4,3,3,3,3,2,2,2,2,3,3,3,3,3,2,1,4,2,2,2,2,2,3,2,1,2,2,3,2,2,1,2,1,2,2,2,2,2,0,2,2,3,3,2,3,1,1,2,2,2,3,4,
6,5,5,5,4,5,4,4,5,4,3,4,4,3,4,4,5,5,4,4,4,5,4,4,5,4,4,4,5,5,4,3,4,4,3,4,3,3,4,4,2,3,2,3,2,2,2,4,4,3,4,5,5,5,5,5,4,3,4,3,2,3,3,4,4,4,4,4,3,3,5,2,3,3,3,3,4,4,2,3,3,3,1,4,3,3,2,2,2,2,3,3,2,0,1,2,4,2,2,1,1,2,1,1,2,3,
5,4,4,4,4,4,3,3,4,3,3,3,3,2,3,3,4,4,3,3,3,4,3,3,4,4,3,3,4,4,3,2,3,3,3,3,2,2,3,3,2,2,2,2,2,1,1,3,3,3,3,4,4,4,4,4,3,2,3,2,1,2,2,4,4,3,4,3,3,2,4,2,3,3,2,2,3,3,2,2,3,2,1,3,3,2,2,1,2,2,3,3,2,1,0,1,4,2,1,1,2,1,2,1,2,3,
5,4,5,4,4,3,3,3,3,3,4,4,4,3,3,3,4,3,3,2,3,4,4,4,4,4,4,3,3,3,4,3,3,4,4,2,3,3,3,3,3,3,3,2,2,1,2,3,3,3,4,4,4,4,4,3,4,3,2,2,2,2,2,3,4,4,4,3,3,3,5,3,3,4,1,2,2,3,3,2,4,1,2,3,3,2,3,1,2,2,3,3,3,2,1,0,4,2,1,2,3,2,3,2,2,3,
4,3,3,2,1,3,3,3,2,1,1,2,2,2,2,2,3,3,3,3,3,3,3,3,3,2,3,3,3,3,3,3,3,3,2,2,2,3,2,3,3,3,3,3,3,4,3,2,4,3,2,2,3,3,3,4,1,2,3,3,3,3,2,2,2,2,2,2,2,3,3,2,2,2,3,3,3,3,3,4,3,4,3,4,2,4,2,3,2,3,3,1,3,4,4,4,0,3,4,3,3,4,4,4,4,5,
5,4,4,4,3,4,4,4,4,3,3,4,4,3,3,3,4,4,4,3,3,4,4,4,4,3,4,4,4,4,4,3,4,4,3,3,3,3,4,4,3,3,3,3,3,3,2,3,4,3,4,4,4,4,4,4,3,3,3,3,2,2,2,3,3,4,3,3,2,3,4,3,2,3,2,2,3,4,2,4,3,3,3,4,3,4,2,1,1,1,2,2,2,2,2,2,3,0,1,1,2,3,3,1,1,2,
5,4,5,4,4,4,4,4,4,3,4,4,4,3,3,3,4,4,4,3,3,4,4,4,4,4,4,4,4,4,4,3,4,4,4,3,3,3,4,4,3,3,3,3,3,2,2,3,4,4,4,4,4,4,4,4,4,3,3,3,2,2,2,4,4,4,4,3,3,3,5,3,3,4,2,2,3,4,3,3,4,2,2,4,4,3,3,1,2,2,3,3,3,2,1,1,4,1,0,2,3,2,3,1,1,2,
5,4,4,4,3,4,3,3,4,3,2,3,3,3,3,3,4,4,3,3,3,4,3,3,4,3,3,3,4,4,3,2,3,3,2,3,2,2,3,3,2,2,2,2,2,2,1,3,3,2,3,4,4,4,4,4,3,3,3,3,2,2,2,3,3,3,3,3,2,2,4,2,2,2,2,2,3,3,1,3,2,3,2,3,2,3,1,1,1,1,2,2,1,1,1,2,3,1,2,0,1,2,2,1,2,3,
5,4,4,4,3,4,3,3,4,3,2,3,3,2,3,3,4,4,3,3,3,4,3,3,4,3,3,3,4,4,3,2,3,3,2,3,2,2,3,3,1,2,1,2,1,2,1,3,3,2,3,4,4,4,4,4,3,2,3,2,2,2,2,3,3,3,3,3,2,2,4,1,2,2,2,2,3,3,1,2,2,3,1,3,2,2,1,2,2,2,2,2,1,1,2,3,3,2,3,1,0,2,1,2,3,4,
5,4,4,4,4,4,3,3,4,3,3,2,3,2,3,3,3,3,3,3,3,3,2,3,4,3,2,2,3,4,3,2,3,3,3,3,2,2,3,2,1,1,2,2,2,1,1,3,3,2,3,4,4,4,3,4,3,2,3,2,1,2,2,3,4,3,4,3,3,2,4,2,3,2,2,2,3,2,2,1,2,2,1,2,3,2,2,2,3,3,3,3,2,2,1,2,4,3,2,2,2,0,2,2,3,4,
6,5,5,5,4,5,4,4,5,4,3,4,4,3,4,4,5,5,4,4,4,5,4,4,5,4,4,4,5,5,4,3,4,4,3,4,3,3,4,4,2,3,2,3,2,2,2,4,4,3,4,5,5,5,5,5,4,3,4,3,2,3,3,4,4,4,4,4,3,3,5,2,3,3,3,3,4,4,2,3,3,3,1,4,3,3,2,3,3,3,3,3,2,1,2,3,4,3,3,2,1,2,0,2,3,4,
6,5,5,5,4,5,4,4,5,4,3,4,4,3,4,4,5,5,4,4,4,5,4,4,5,4,4,4,5,5,4,3,4,4,3,4,3,3,4,4,3,3,3,3,3,2,2,4,4,3,4,5,5,5,5,5,4,3,4,3,2,3,3,4,4,4,4,4,3,3,5,3,3,3,3,3,4,4,2,3,3,3,2,4,3,3,2,2,2,2,3,3,2,1,1,2,4,1,1,1,2,2,2,0,1,2,
6,5,5,5,4,5,5,5,5,4,4,5,5,4,4,4,5,5,5,4,4,5,5,5,5,4,5,5,5,5,5,4,5,5,4,4,4,4,5,5,4,4,4,4,4,3,3,4,5,4,5,5,5,5,5,5,4,4,4,4,3,3,3,4,4,5,4,4,3,4,5,4,3,4,3,3,4,5,3,4,4,3,3,5,4,4,3,2,2,2,3,3,3,2,2,2,4,1,1,2,3,3,3,1,0,1,
7,6,6,6,5,6,6,6,6,5,5,6,6,5,5,5,6,6,6,5,5,6,6,6,6,5,6,6,6,6,6,5,6,6,5,5,5,5,6,6,5,5,5,5,5,4,4,5,6,5,6,6,6,6,6,6,5,5,5,5,4,4,4,5,5,6,5,5,4,5,6,5,4,5,4,4,5,6,4,5,5,4,4,6,5,5,4,3,3,3,4,4,4,3,3,3,5,2,2,3,4,4,4,2,1,0,
